23,36
25,17
25,15
26,15
25,16
25,13
26,14
26,13
26,12
26,11
26,10
26,5
26,4
25,10
24,4
24,7
25,14
25,12
26,9
25,7
393,7
393,6
393,5
393,4
393,3
393,2
393,1
393,0
27,24
27,23
27,18
27,16
27,20
27,22
392,4
392,3
392,2
392,1
392,0
391,4
391,3
391,2
391,1
391,0
390,4
390,3
390,2
390,1
390,0
389,4
389,3
389,2
389,1
389,0
388,4
388,3
388,2
388,1
388,0
387,5
387,4
387,3
387,2
387,1
387,0
386,4
386,3
386,2
386,1
386,0
385,4
385,3
385,2
385,1
385,0
384,4
384,3
384,2
384,1
384,0
75,22
383,3
383,2
383,1
383,0
14,92
14,91
382,3
382,2
382,1
382,0
0,575
75,20
0,574
27,21
381,5
381,4
381,3
381,2
381,1
381,0
380,3
380,2
380,1
380,0
379,4
379,3
379,2
0,573
379,1
379,0
378,5
378,4
378,3
378,2
378,1
378,0
377,5
377,4
377,3
377,2
377,1
377,0
14,90
14,89
376,5
376,4
376,3
376,2
0,572
0,571
376,1
376,0
375,5
375,4
375,3
375,2
0,9
375,1
375,0
374,5
374,4
374,3
374,2
374,1
374,0
27,13
152,11
0,570
373,5
373,4
373,3
373,2
0,569
373,1
373,0
372,3
372,2
372,1
372,0
27,19
371,5
371,4
371,3
371,2
0,568
371,1
371,0
370,5
370,4
370,3
370,2
370,1
370,0
369,3
369,2
369,1
369,0
368,5
368,4
368,3
368,2
368,1
368,0
367,5
367,4
367,3
367,2
367,1
367,0
366,5
366,4
366,3
366,2
366,1
366,0
152,10
152,9
152,4
27,17
27,15
27,6
27,4
365,3
365,2
365,1
365,0
14,88
364,5
364,4
364,3
364,2
364,1
364,0
363,4
363,3
363,2
363,1
363,0
25,11
25,8
362,5
362,4
362,3
362,2
362,1
362,0
27,14
361,5
361,4
361,3
361,2
361,1
361,0
360,4
360,3
360,2
360,1
360,0
359,7
359,6
359,5
359,4
359,3
359,2
359,1
359,0
358,4
358,3
358,2
358,1
358,0
357,4
357,3
357,2
357,1
357,0
14,87
356,4
356,3
356,2
356,1
356,0
14,86
355,6
355,5
355,4
0,567
355,3
355,2
355,1
355,0
354,4
354,3
354,2
354,1
354,0
27,12
27,5
75,36
75,30
75,35
27,11
75,34
75,33
75,26
75,24
353,4
353,3
353,2
353,1
353,0
0,566
27,10
0,565
75,32
75,14
352,3
352,2
352,1
352,0
351,4
351,3
351,2
351,1
351,0
70,10
0,564
75,31
75,17
350,3
350,2
350,1
350,0
75,12
0,563
349,5
0,562
349,4
349,3
349,2
349,1
349,0
25,9
25,4
25,6
25,5
348,4
348,3
348,2
348,1
348,0
0,561
347,3
347,2
347,1
347,0
27,9
75,29
0,560
0,559
346,5
346,4
346,3
346,2
346,1
346,0
345,4
345,3
345,2
345,1
345,0
344,5
344,4
344,3
344,2
344,1
344,0
343,6
343,5
343,4
343,3
343,2
343,1
343,0
342,4
342,3
342,2
342,1
342,0
341,4
341,3
341,2
341,1
341,0
340,5
340,4
340,3
340,2
0,558
340,1
340,0
339,4
339,3
339,2
339,1
339,0
338,5
338,4
338,3
338,2
338,1
338,0
337,5
337,4
337,3
337,2
0,557
337,1
337,0
70,9
70,8
70,4
14,85
336,6
336,5
336,4
336,3
336,2
336,1
336,0
0,556
0,555
0,554
0,553
0,552
0,551
0,550
0,549
27,8
27,7
75,28
75,19
335,7
335,6
335,5
335,4
335,3
335,2
335,1
335,0
334,4
334,3
334,2
334,1
334,0
333,5
333,4
333,3
333,2
333,1
333,0
332,7
332,6
332,5
332,4
332,3
332,2
332,1
332,0
331,6
331,5
331,4
331,3
331,2
331,1
331,0
330,4
330,3
330,2
330,1
330,0
329,4
329,3
329,2
329,1
329,0
328,4
328,3
328,2
328,1
328,0
14,84
327,6
327,5
327,4
327,3
327,2
327,1
327,0
14,83
326,5
326,4
326,3
326,2
326,1
326,0
14,82
325,6
325,5
325,4
325,3
325,2
325,1
325,0
324,6
324,5
324,4
324,3
324,2
324,1
324,0
323,4
323,3
323,2
0,548
323,1
323,0
0,547
322,3
322,2
322,1
322,0
321,5
321,4
321,3
321,2
321,1
321,0
320,4
320,3
320,2
320,1
320,0
319,4
319,3
319,2
319,1
319,0
318,5
318,4
318,3
318,2
318,1
318,0
317,5
317,4
317,3
317,2
317,1
317,0
316,4
316,3
316,2
316,1
316,0
0,546
315,4
315,3
315,2
315,1
315,0
0,545
0,544
314,5
314,4
314,3
314,2
314,1
314,0
313,6
313,5
313,4
313,3
313,2
313,1
313,0
312,3
312,2
312,1
312,0
311,4
311,3
311,2
311,1
311,0
14,81
310,5
310,4
310,3
310,2
310,1
310,0
309,6
309,5
309,4
309,3
309,2
309,1
309,0
14,80
308,5
308,4
308,3
308,2
308,1
308,0
307,6
307,5
307,4
307,3
307,2
307,1
307,0
306,5
306,4
306,3
306,2
306,1
306,0
305,6
305,5
305,4
305,3
305,2
305,1
305,0
304,5
304,4
304,3
304,2
304,1
304,0
14,79
303,8
303,7
303,6
303,5
303,4
303,3
303,2
303,1
303,0
302,4
302,3
302,2
302,1
302,0
301,4
301,3
301,2
301,1
301,0
300,4
300,3
300,2
300,1
300,0
299,5
299,4
299,3
299,2
299,1
299,0
298,4
298,3
298,2
298,1
298,0
75,27
14,78
297,4
297,3
297,2
297,1
297,0
296,5
296,4
296,3
296,2
296,1
296,0
295,8
295,7
295,6
295,5
295,4
295,3
295,2
295,1
295,0
294,6
294,5
294,4
294,3
294,2
294,1
294,0
14,77
293,4
293,3
293,2
293,1
293,0
292,5
292,4
292,3
292,2
292,1
292,0
291,6
291,5
291,4
291,3
291,2
291,1
291,0
290,4
290,3
290,2
290,1
290,0
14,76
289,4
289,3
289,2
289,1
289,0
288,4
288,3
288,2
288,1
288,0
14,75
287,6
287,5
287,4
287,3
287,2
287,1
